AKEBONO (EXOS-D)        
1 19822U 89016A   14215.88299576  .00049407  70813-6  11907-2 0  9644
2 19822  75.0625 358.6425 2235749 228.6963 311.7796 10.98035610789810
HST                     
1 20580U 90037B   14216.06773435  .00002290  00000-0  14323-3 0   690
2 20580  28.4704  82.3406 0003233  75.3913  79.1547 15.05584792131941
POLAR                   
1 23802U 96013A   14208.81773539 -.00000184  00000-0  00000+0 0  5902
2 23802  79.3969 296.2236 7200522   7.7965 359.1752  1.29843175 88460
SWAS                    
1 25560U 98071A   14215.77396567  .00001661  00000-0  17712-3 0  5975
2 25560  69.9014  13.4094 0010517 313.3145  46.7132 14.90842413849105
ORSTED                  
1 25635U 99008B   14215.45249929  .00000227  00000-0  62944-4 0  1705
2 25635  96.4701 350.3090 0139813 351.4618  48.1215 14.47195192814505
CXO                     
1 25867U 99040B   14218.14657779  .00000404  00000-0  00000+0 0   473
2 25867  76.9500 318.7186 8043551 273.5427   0.5402  0.37800024 12106
XMM-NEWTON              
1 25989U 99066A   14216.68556595 -.00000228  00000-0  00000+0 0  6827
2 25989  65.4177  54.7964 7750966  93.6217   0.2337  0.50139080 15634
TERRA                   
1 25994U 99068A   14216.23929402  .00000371  00000-0  92467-4 0  4949
2 25994  98.2078 290.3065 0001311  97.5179 262.6188 14.57093741778066
CLUSTER II-FM6 (SALSA)  
1 26410U 00041A   14218.49210327  .00000009  00000-0  00000+0 0  1723
2 26410 133.8762 319.0489 6551349 130.0905 359.3934  0.44221337 12870
CLUSTER II-FM7 (SAMBA)  
1 26411U 00041B   14218.49396218  .00000010  00000-0  00000+0 0  1450
2 26411 133.8842 319.0079 6548224 130.0286 359.3951  0.44221360 12959
CLUSTER II-FM5 (RUMBA)  
1 26463U 00045A   14218.49626852 -.00000025  00000-0  00000+0 0  1357
2 26463 136.7115 317.5762 6588900 131.2555 359.3544  0.44222349 13452
CLUSTER II-FM8 (TANGO)  
1 26464U 00045B   14218.50870850 -.00000160  00000-0  00000+0 0   550
2 26464 133.3902 320.9178 6999524 134.7852 359.3732  0.44222662 48797
ODIN                    
1 26702U 01007A   14215.62333923  .00003060  00000-0  23577-3 0  3371
2 26702  97.6556 227.7298 0013097  34.5714 325.6360 15.02314618733872
TIMED                   
1 26998U 01055B   14216.13894408  .00000758  00000-0  89938-4 0  8840
2 26998  74.0711 239.1076 0002005 254.9467 105.1492 14.86457706685658
RHESSI                  
1 27370U 02004A   14215.46586474  .00007286  00000-0  38726-3 0  4449
2 27370  38.0368 272.6975 0014468 220.3524 139.6168 15.14997568686265
INTEGRAL                
1 27540U 02048A   14210.75660825  .00000691  00000-0  00000+0 0  5103
2 27540  55.7776 236.0762 8628009 258.1332 359.9427  0.33297132 10549
CORIOLIS                
1 27640U 03001A   14215.70809669  .00000105  00000-0  71452-4 0  5356
2 27640  98.7549 223.5525 0015231  80.7820  47.9173 14.18728641599268
SORCE                   
1 27651U 03004A   14214.99799180  .00001517  00000-0  18452-3 0  4815
2 27651  39.9958  41.4298 0023245  73.5721 286.7620 14.86095245624473
MOST                    
1 27843U 03031D   14215.47036560  .00000035  00000-0  36699-4 0  9967
2 27843  98.7169 222.4927 0010688 151.1854   5.9017 14.20389314575073
SCISAT 1                
1 27858U 03036A   14216.14981934  .00000485  00000-0  74999-4 0  3167
2 27858  73.9337  95.2043 0006849  77.2665  87.1663 14.76277832591066
SWIFT                   
1 28485U 04047A   14214.44861235  .00003072  00000-0  21191-3 0  7398
2 28485  20.5563 256.1876 0012547 331.0836  28.8902 14.99057459530143
SUZAKU (ASTRO-EII)      
1 28773U 05025A   14215.47771924  .00003766  00000-0  22694-3 0  3322
2 28773  31.3824 233.1173 0005220 297.1835 183.4562 15.09102113498344
FORMOSAT-3 FM6          
1 29047U 06011A   14215.34412887  .00000233  00000-0  10902-3 0  4381
2 29047  71.9809 166.6149 0050365 161.9801 314.0445 14.28023732435012
FORMOSAT-3 FM1          
1 29048U 06011B   14215.84355491  .00000325  00000-0  14605-3 0  5189
2 29048  71.9688  78.8980 0043435 113.2799 329.9105 14.28008054437561
FORMOSAT-3 FM5          
1 29049U 06011C   14214.15880699  .00000163  00000-0  81591-4 0  4487
2 29049  72.0189 241.8526 0034231 164.8720 251.6031 14.28017651433106
FORMOSAT-3 FM3          
1 29050U 06011D   14215.16127373  .00000626  00000-0  14765-3 0  8042
2 29050  72.0152 242.7808 0053573 261.4568  98.0510 14.56892133443670
FORMOSAT-3 FM4          
1 29051U 06011E   14215.79020653  .00000275  00000-0  12416-3 0  5100
2 29051  72.0079 144.3958 0068292  31.1484 329.3672 14.28026074435914
FORMOSAT-3 FM2          
1 29052U 06011F   14216.15624299  .00000282  00000-0  12867-3 0  5296
2 29052  72.0340 211.5458 0038917 124.8037 306.9197 14.28101109434288
CLOUDSAT                
1 29107U 06016A   14215.98618037  .00000497  00000-0  12044-3 0  7304
2 29107  98.1997 159.0692 0001772  81.9335 278.2074 14.57106018439797
CALIPSO                 
1 29108U 06016B   14215.22966757  .00000721  00000-0  17011-3 0  7441
2 29108  98.1997 157.8775 0001719  81.1794 278.9636 14.57099310439616
HINODE (SOLAR-B)        
1 29479U 06041A   14216.10898999  .00000635  00000-0  13052-3 0  4565
2 29479  98.1342 214.4701 0015948 273.6470  86.2908 14.63882403419999
SJ-6C                   
1 29505U 06046A   14216.10652311  .00000538  00000-0  57285-4 0  6703
2 29505  97.7681 209.7122 0003405  10.8965 349.2317 14.92947579423392
SJ-6D                   
1 29506U 06046B   14216.23490935  .00000305  00000-0  35550-4 0  6118
2 29506  97.7820 208.5978 0003775  59.1948 300.9645 14.92031998423208
AGILE                   
1 31135U 07013A   14216.02565297  .00005388  00000-0  19429-3 0   212
2 31135   2.4692 308.1682 0016362 333.7659  26.2676 15.20258354403292
AIM                     
1 31304U 07015A   14215.79590068  .00005667  00000-0  42679-3 0  4058
2 31304  97.8819 341.6349 0007787  92.4401 267.7715 15.02888993396819
FGRST (GLAST)           
1 33053U 08029A   14215.41476381  .00001507  00000-0  75925-4 0  6228
2 33053  25.5822 292.6720 0013675  45.2775 314.8871 15.08547810338601
IBEX                    
1 33401U 08051A   14213.38027771 -.00002615  00000-0  00000+0 0  1054
2 33401   8.7190 128.4379 6667845  27.1207 357.5049  0.12188156  2482
WISE                    
1 36119U 09071A   14215.48451954  .00004943  00000-0  22580-3 0  3264
2 36119  97.5147 225.7849 0004304  64.9865 295.1816 15.21038287256373
SDO                     
1 36395U 10005A   14215.40205566 -.00000052  00000-0  10000-3 0    75
2 36395  27.9623 159.6039 0001453 217.0140 337.9416  1.00269509 16572
CRYOSAT 2               
1 36508U 10013A   14215.80497861  .00000085  00000-0  20175-4 0  3056
2 36508  92.0341 308.6892 0006462 315.3987  44.6700 14.52171811229019
PICARD                  
1 36598U 10028A   14216.08121651  .00000173  00000-0  55939-4 0  5408
2 36598  98.3005  39.6822 0001774 359.7748   0.3448 14.50035925218835
SPEKTR-R                
1 37755U 11037A   14223.92918004 -.00001922  00000-0  00000+0 0  1125
2 37755  50.8656 113.9330 8246917 175.2256   0.2225  0.11983945  1321
GCOM-W1 (SHIZUKU)       
1 38337U 12025A   14215.98302635  .00000360  00000-0  89956-4 0  8475
2 38337  98.1989 155.3025 0000849  51.0094 309.1161 14.57127779117720
NUSTAR                  
1 38358U 12031A   14216.02345033  .00002227  00000-0  17694-3 0  5043
2 38358   6.0294 345.2699 0013856 339.4657  20.4939 14.84711703116188
RBSP A                  
1 38752U 12046A   14213.10399202 -.00000032  00000-0  10000-3 0  3056
2 38752  10.2228 318.1145 6813995 269.6164  18.7867  2.67328704 18757
RBSP B                  
1 38753U 12046B   14212.43314013 -.00000040  00000-0  10000-3 0  3137
2 38753  10.2098 321.2392 6820361 263.5109  21.3489  2.65855564 18633
NEOSSAT                 
1 39089U 13009D   14216.00758346  .00000137  00000-0  64902-4 0  4361
2 39089  98.6177  50.0113 0011094 155.9056 204.2672 14.34079261 75153
BRITE-AUSTRIA           
1 39091U 13009F   14215.50191739  .00000202  00000-0  87152-4 0  4292
2 39091  98.6190  50.0039 0010306 169.8771 190.2653 14.34709612 75110
UNIBRITE                
1 39092U 13009G   14215.05975101  .00000073  00000-0  41579-4 0  4385
2 39092  98.6203  49.4372 0009640 161.9131 198.2393 14.34582294 75046
IRIS                    
1 39197U 13033A   14215.49954926  .00000741  00000-0  11213-3 0  3571
2 39197  97.9006  39.7337 0028512 328.4438  31.5083 14.76883582 59224
HISAKI (SPRINT-A)       
1 39253U 13049A   14215.55906872  .00000057  00000-0 -11725-4 0  2787
2 39253  29.7222 292.1656 0136951 163.4684 197.0410 13.55086776 43902
CASSIOPE                
1 39265U 13055A   14215.74599293  .00009431  00000-0  30944-3 0  2724
2 39265  80.9915   7.8011 0762903  15.7381 346.6231 14.04646496 43150
DANDE                   
1 39267U 13055C   14215.45678487  .00006937  00000-0  22932-3 0  2699
2 39267  80.9922   8.4878 0770521  17.9047 344.7827 14.02841672 43078
STSAT-3                 
1 39422U 13066G   14216.20767755  .00001146  00000-0  13234-3 0  7894
2 39422  97.7788 288.9642 0025640  96.6812 263.7346 14.87302868 38005
BRITE-PL                
1 39431U 13066R   14215.63833896  .00000830  00000-0  18882-3 0  2146
2 39431  97.7438 271.8895 0205645 120.6524 241.5118 14.46037492 36867
SWARM B                 
1 39451U 13067A   14215.09157283  .00002048  00000-0  10000-3 0  2482
2 39451  87.7560 200.9344 0004070  74.7014 285.4743 15.17716345 38513
SWARM A                 
1 39452U 13067B   14216.22465065  .00004648  00000-0  13987-3 0  2327
2 39452  87.3515 190.3454 0004007  69.8291 290.3397 15.34083495 38956
SWARM C                 
1 39453U 13067C   14216.22457024  .00004625  00000-0  13917-3 0  2557
2 39453  87.3511 191.7444 0004021  71.6783 288.4910 15.34081428 38919
BRITE-TORONTO           
1 40020U 14033L   14216.18598858  .00000566  00000-0  10754-3 0  1341
2 40020  97.9671 109.4571 0090320  53.2215 307.7244 14.65375082  6549
OCO 2                   
1 40059U 14035A   14215.97888163 -.00708192  00000-0 -16629+0 0   313
2 40059  98.2074 156.4916 0001957  75.7923 283.9459 14.57111941  4757
